sfmnpv 1 741 0
sfmnpv 806 2194 1.44092
sfmnpv 2193 3029 1.19617
sfmnpv 3086 4501 2.82686
sfmnpv 4557 4727 176.471
sfmnpv 4727 4900 0
sfmnpv 4837 5124 83.6237
sfmnpv 5135 6589 2.06327
sfmnpv 6773 7888 0.896861
sfmnpv 8082 9173 2.74977
sfmnpv 11019 11177 0
sfmnpv 11176 13284 0
sfmnpv 13403 13693 0
sfmnpv 13710 14423 0
sfmnpv 14471 14806 0
sfmnpv 14763 15404 1.56006
sfmnpv 15450 16601 4.34405
sfmnpv 16605 17324 2.78164
sfmnpv 17315 17734 0
sfmnpv 17715 18734 0
sfmnpv 18852 19907 8.53081
sfmnpv 19937 21631 3.54191
sfmnpv 21888 22553 4.51128
sfmnpv 22664 23446 20.4604
sfmnpv 23443 23946 1.98807
sfmnpv 24042 25619 3.17058
sfmnpv 25806 26330 0
sfmnpv 26337 26984 3.09119
sfmnpv 27004 29643 20.4623
sfmnpv 29754 30308 0
sfmnpv 30387 30914 0
sfmnpv 30946 31464 0
sfmnpv 31427 32323 2.23214
sfmnpv 32220 33416 0
sfmnpv 33434 35023 0.629327
sfmnpv 35031 35288 0
sfmnpv 35285 36427 2.62697
sfmnpv 36670 37386 1.39665
sfmnpv 37428 38645 2.46508
sfmnpv 39182 39520 0
sfmnpv 39519 40673 0.866551
sfmnpv 40688 41059 2.69542
sfmnpv 41123 42310 5.05476
sfmnpv 42518 43309 3.79267
sfmnpv 43324 44322 1.002
sfmnpv 44410 44718 0
sfmnpv 44648 44956 0
sfmnpv 45017 45478 2.1692
sfmnpv 45547 46176 3.17965
sfmnpv 46178 46609 4.64037
sfmnpv 46591 48144 1.28783
sfmnpv 48167 48820 0
sfmnpv 48857 49963 0
sfmnpv 50507 50941 0
sfmnpv 51007 51627 3.22581
sfmnpv 51694 52527 2.40096
sfmnpv 52587 54677 13.8756
sfmnpv 54670 55014 14.5349
sfmnpv 55043 56113 0
sfmnpv 56097 56276 0
sfmnpv 56273 57988 2.91545
sfmnpv 58030 59160 0
sfmnpv 59135 59440 0
sfmnpv 59463 60614 6.95048
sfmnpv 60685 60906 0
sfmnpv 60903 61733 0
sfmnpv 61632 62534 1.10865
sfmnpv 62546 63001 13.1868
sfmnpv 62998 64002 2.98805
sfmnpv 64062 64490 2.33645
sfmnpv 64554 65060 1.97628
sfmnpv 65032 68718 0
sfmnpv 68796 69446 1.53846
sfmnpv 69443 69922 0
sfmnpv 69924 70682 2.63852
sfmnpv 70726 72105 2.17549
sfmnpv 72104 73090 0
sfmnpv 73303 74679 5.81395
sfmnpv 74763 77207 2.86416
sfmnpv 77176 77766 0
sfmnpv 77573 78307 0
sfmnpv 78273 79271 3.00601
sfmnpv 79296 79643 5.76369
sfmnpv 79645 80748 0
sfmnpv 81189 81356 17.9641
sfmnpv 81470 82228 3.95778
sfmnpv 82276 83139 1.15875
sfmnpv 83042 83842 0
sfmnpv 83835 84209 0
sfmnpv 84208 85374 1.71527
sfmnpv 85436 87574 1.87091
sfmnpv 87576 90695 1.60308
sfmnpv 90731 91117 0
sfmnpv 91144 91401 0
sfmnpv 91494 91865 2.69542
sfmnpv 91840 92340 2
sfmnpv 92393 93889 0.668449
sfmnpv 93948 94535 1.70358
sfmnpv 94726 96849 4.71032
sfmnpv 96933 97205 3.67647
sfmnpv 97222 97800 3.46021
sfmnpv 97793 98278 4.12371
sfmnpv 98513 98890 2.65252
sfmnpv 98781 99125 0
sfmnpv 99088 100098 0
sfmnpv 99959 100186 0
sfmnpv 100170 100373 0
sfmnpv 100391 101290 1.11235
sfmnpv 101295 101708 0
sfmnpv 101764 102303 3.71058
sfmnpv 102451 102804 25.4958
sfmnpv 103206 104066 5.81395
sfmnpv 104114 105307 2.51467
sfmnpv 105328 107973 0.756144
sfmnpv 108057 108236 5.58659
sfmnpv 108239 110368 1.40911
sfmnpv 110398 111597 1.66806
sfmnpv 111680 112306 1.59744
sfmnpv 112354 112905 3.62976
sfmnpv 112974 113708 0
sfmnpv 113603 114004 0
sfmnpv 113976 114905 6.45856
sfmnpv 114934 115272 41.4201
sfmnpv 115330 115533 4.92611
sfmnpv 115527 115769 4.13223
sfmnpv 115812 116348 1.86567
sfmnpv 116760 117161 7.4813
sfmnpv 117255 118247 0
sfmnpv 118264 118731 6.42398
sfmnpv 118764 119048 0
sfmnpv 118875 119051 0
sfmnpv 119122 119961 1.1919
sfmnpv 119948 120265 0
sfmnpv 120342 121232 1.1236
sfmnpv 121251 123191 2.57732
sfmnpv 123244 123564 3.125
sfmnpv 123614 125662 1.46484
sfmnpv 125692 126336 4.65839
sfmnpv 126373 126651 0
sfmnpv 126655 127506 0
sfmnpv 127531 127776 0
sfmnpv 127782 129164 0
sfmnpv 129179 129889 1.40845
sfmnpv 129976 132492 2.38474
