sfmnpv 1 741 1.35135
sfmnpv 806 2194 0.720461
sfmnpv 2193 3029 3.58852
sfmnpv 3086 4501 0
sfmnpv 4557 4727 0
sfmnpv 4727 4900 0
sfmnpv 4837 5124 0
sfmnpv 5135 6589 0.687758
sfmnpv 6773 7888 0.896861
sfmnpv 8082 9173 0.91659
sfmnpv 11019 11177 0
sfmnpv 11176 13284 0.474383
sfmnpv 13403 13693 0
sfmnpv 13710 14423 1.40252
sfmnpv 14471 14806 0
sfmnpv 14763 15404 1.56006
sfmnpv 15450 16601 1.73762
sfmnpv 16605 17324 1.39082
sfmnpv 17315 17734 2.38663
sfmnpv 17715 18734 0
sfmnpv 18852 19907 4.73934
sfmnpv 19937 21631 0.590319
sfmnpv 21888 22553 9.02256
sfmnpv 22664 23446 2.55754
sfmnpv 23443 23946 0
sfmnpv 24042 25619 2.53646
sfmnpv 25806 26330 0
sfmnpv 26337 26984 0
sfmnpv 27004 29643 3.41038
sfmnpv 29754 30308 0
sfmnpv 30387 30914 0
sfmnpv 30946 31464 0
sfmnpv 31427 32323 3.34821
sfmnpv 32220 33416 0
sfmnpv 33434 35023 0.629327
sfmnpv 35031 35288 0
sfmnpv 35285 36427 3.50263
sfmnpv 36670 37386 1.39665
sfmnpv 37428 38645 0
sfmnpv 39182 39520 2.95858
sfmnpv 39519 40673 0.866551
sfmnpv 40688 41059 2.69542
sfmnpv 41123 42310 1.68492
sfmnpv 42518 43309 2.52845
sfmnpv 43324 44322 4.00802
sfmnpv 44410 44718 0
sfmnpv 44648 44956 3.24675
sfmnpv 45017 45478 0
sfmnpv 45547 46176 1.58983
sfmnpv 46178 46609 0
sfmnpv 46591 48144 0.643915
sfmnpv 48167 48820 0
sfmnpv 48857 49963 0
sfmnpv 50507 50941 0
sfmnpv 51007 51627 1.6129
sfmnpv 51694 52527 0
sfmnpv 52587 54677 4.30622
sfmnpv 54670 55014 2.90698
sfmnpv 55043 56113 0
sfmnpv 56097 56276 0
sfmnpv 56273 57988 2.91545
sfmnpv 58030 59160 0.884956
sfmnpv 59135 59440 0
sfmnpv 59463 60614 5.21286
sfmnpv 60685 60906 0
sfmnpv 60903 61733 0
sfmnpv 61632 62534 1.10865
sfmnpv 62546 63001 10.989
sfmnpv 62998 64002 0
sfmnpv 64062 64490 0
sfmnpv 64554 65060 0
sfmnpv 65032 68718 0.542594
sfmnpv 68796 69446 0
sfmnpv 69443 69922 2.08768
sfmnpv 69924 70682 1.31926
sfmnpv 70726 72105 0.725163
sfmnpv 72104 73090 0
sfmnpv 73303 74679 0.726744
sfmnpv 74763 77207 1.2275
sfmnpv 77176 77766 0
sfmnpv 77573 78307 0
sfmnpv 78273 79271 3.00601
sfmnpv 79296 79643 0
sfmnpv 79645 80748 0
sfmnpv 81189 81356 17.9641
sfmnpv 81470 82228 2.63852
sfmnpv 82276 83139 0
sfmnpv 83042 83842 0
sfmnpv 83835 84209 0
sfmnpv 84208 85374 1.71527
sfmnpv 85436 87574 0.467727
sfmnpv 87576 90695 0.641231
sfmnpv 90731 91117 0
sfmnpv 91144 91401 0
sfmnpv 91494 91865 0
sfmnpv 91840 92340 0
sfmnpv 92393 93889 0.668449
sfmnpv 93948 94535 1.70358
sfmnpv 94726 96849 1.88413
sfmnpv 96933 97205 0
sfmnpv 97222 97800 1.7301
sfmnpv 97793 98278 2.06186
sfmnpv 98513 98890 0
sfmnpv 98781 99125 0
sfmnpv 99088 100098 1.9802
sfmnpv 99959 100186 0
sfmnpv 100170 100373 0
sfmnpv 100391 101290 1.11235
sfmnpv 101295 101708 0
sfmnpv 101764 102303 1.85529
sfmnpv 102451 102804 16.9972
sfmnpv 103206 104066 1.16279
sfmnpv 104114 105307 0.838223
sfmnpv 105328 107973 0.378072
sfmnpv 108057 108236 0
sfmnpv 108239 110368 2.81822
sfmnpv 110398 111597 3.33611
sfmnpv 111680 112306 1.59744
sfmnpv 112354 112905 3.62976
sfmnpv 112974 113708 0
sfmnpv 113603 114004 0
sfmnpv 113976 114905 2.15285
sfmnpv 114934 115272 8.87574
sfmnpv 115330 115533 0
sfmnpv 115527 115769 4.13223
sfmnpv 115812 116348 1.86567
sfmnpv 116760 117161 4.98753
sfmnpv 117255 118247 0
sfmnpv 118264 118731 10.7066
sfmnpv 118764 119048 0
sfmnpv 118875 119051 0
sfmnpv 119122 119961 1.1919
sfmnpv 119948 120265 0
sfmnpv 120342 121232 2.24719
sfmnpv 121251 123191 3.09278
sfmnpv 123244 123564 3.125
sfmnpv 123614 125662 1.46484
sfmnpv 125692 126336 1.5528
sfmnpv 126373 126651 0
sfmnpv 126655 127506 0
sfmnpv 127531 127776 0
sfmnpv 127782 129164 0
sfmnpv 129179 129889 2.8169
sfmnpv 129976 132492 1.58983
