sfmnpv 0 500 3
sfmnpv 500 1000 3
sfmnpv 1000 1500 7
sfmnpv 1500 2000 2
sfmnpv 2000 2500 7
sfmnpv 2500 3000 1
sfmnpv 3000 3500 3
sfmnpv 3500 4000 4
sfmnpv 4000 4500 7
sfmnpv 4500 5000 5
sfmnpv 5000 5500 8
sfmnpv 5500 6000 4
sfmnpv 6000 6500 8
sfmnpv 6500 7000 4
sfmnpv 7000 7500 5
sfmnpv 7500 8000 4
sfmnpv 8000 8500 5
sfmnpv 8500 9000 4
sfmnpv 9000 9500 4
sfmnpv 9500 10000 1
sfmnpv 10000 10500 1
sfmnpv 10500 11000 3
sfmnpv 11000 11500 4
sfmnpv 11500 12000 4
sfmnpv 12000 12500 6
sfmnpv 12500 13000 3
sfmnpv 13000 13500 4
sfmnpv 13500 14000 7
sfmnpv 14000 14500 4
sfmnpv 14500 15000 3
sfmnpv 15000 15500 7
sfmnpv 15500 16000 6
sfmnpv 16000 16500 1
sfmnpv 16500 17000 6
sfmnpv 17000 17500 2
sfmnpv 17500 18000 2
sfmnpv 18000 18500 2
sfmnpv 18500 19000 7
sfmnpv 19000 19500 7
sfmnpv 19500 20000 2
sfmnpv 20000 20500 2
sfmnpv 20500 21000 1
sfmnpv 21000 21500 5
sfmnpv 21500 22000 3
sfmnpv 22000 22500 5
sfmnpv 22500 23000 6
sfmnpv 23000 23500 4
sfmnpv 23500 24000 5
sfmnpv 24000 24500 3
sfmnpv 24500 25000 4
sfmnpv 25000 25500 5
sfmnpv 25500 26000 6
sfmnpv 26000 26500 6
sfmnpv 26500 27000 2
sfmnpv 27000 27500 4
sfmnpv 27500 28000 4
sfmnpv 28000 28500 4
sfmnpv 28500 29000 8
sfmnpv 29000 29500 2
sfmnpv 29500 30000 8
sfmnpv 30000 30500 3
sfmnpv 30500 31000 3
sfmnpv 31000 31500 8
sfmnpv 31500 32000 6
sfmnpv 32000 32500 4
sfmnpv 32500 33000 4
sfmnpv 33000 33500 3
sfmnpv 33500 34000 11
sfmnpv 34000 34500 3
sfmnpv 34500 35000 3
sfmnpv 35000 35500 4
sfmnpv 35500 36000 3
sfmnpv 36000 36500 4
sfmnpv 36500 37000 4
sfmnpv 37000 37500 3
sfmnpv 37500 38000 2
sfmnpv 38000 38500 6
sfmnpv 38500 39000 4
sfmnpv 39000 39500 3
sfmnpv 39500 40000 7
sfmnpv 40000 40500 3
sfmnpv 40500 41000 5
sfmnpv 41000 41500 6
sfmnpv 41500 42000 7
sfmnpv 42000 42500 2
sfmnpv 42500 43000 4
sfmnpv 43000 43500 6
sfmnpv 43500 44000 7
sfmnpv 44000 44500 4
sfmnpv 44500 45000 0
sfmnpv 45000 45500 3
sfmnpv 45500 46000 0
sfmnpv 46000 46500 2
sfmnpv 46500 47000 6
sfmnpv 47000 47500 2
sfmnpv 47500 48000 7
sfmnpv 48000 48500 3
sfmnpv 48500 49000 3
sfmnpv 49000 49500 4
sfmnpv 49500 50000 7
sfmnpv 50000 50500 7
sfmnpv 50500 51000 4
sfmnpv 51000 51500 2
sfmnpv 51500 52000 4
sfmnpv 52000 52500 5
sfmnpv 52500 53000 6
sfmnpv 53000 53500 9
sfmnpv 53500 54000 9
sfmnpv 54000 54500 2
sfmnpv 54500 55000 4
sfmnpv 55000 55500 2
sfmnpv 55500 56000 3
sfmnpv 56000 56500 5
sfmnpv 56500 57000 1
sfmnpv 57000 57500 5
sfmnpv 57500 58000 0
sfmnpv 58000 58500 4
sfmnpv 58500 59000 6
sfmnpv 59000 59500 6
sfmnpv 59500 60000 7
sfmnpv 60000 60500 3
sfmnpv 60500 61000 7
sfmnpv 61000 61500 1
sfmnpv 61500 62000 3
sfmnpv 62000 62500 4
sfmnpv 62500 63000 7
sfmnpv 63000 63500 2
sfmnpv 63500 64000 4
sfmnpv 64000 64500 4
sfmnpv 64500 65000 3
sfmnpv 65000 65500 9
sfmnpv 65500 66000 4
sfmnpv 66000 66500 4
sfmnpv 66500 67000 2
sfmnpv 67000 67500 6
sfmnpv 67500 68000 3
sfmnpv 68000 68500 3
sfmnpv 68500 69000 6
sfmnpv 69000 69500 5
sfmnpv 69500 70000 4
sfmnpv 70000 70500 6
sfmnpv 70500 71000 8
sfmnpv 71000 71500 8
sfmnpv 71500 72000 3
sfmnpv 72000 72500 4
sfmnpv 72500 73000 2
sfmnpv 73000 73500 3
sfmnpv 73500 74000 3
sfmnpv 74000 74500 7
sfmnpv 74500 75000 4
sfmnpv 75000 75500 1
sfmnpv 75500 76000 3
sfmnpv 76000 76500 5
sfmnpv 76500 77000 3
sfmnpv 77000 77500 4
sfmnpv 77500 78000 6
sfmnpv 78000 78500 3
sfmnpv 78500 79000 5
sfmnpv 79000 79500 3
sfmnpv 79500 80000 6
sfmnpv 80000 80500 6
sfmnpv 80500 81000 2
sfmnpv 81000 81500 4
sfmnpv 81500 82000 4
sfmnpv 82000 82500 3
sfmnpv 82500 83000 6
sfmnpv 83000 83500 6
sfmnpv 83500 84000 5
sfmnpv 84000 84500 5
sfmnpv 84500 85000 4
sfmnpv 85000 85500 8
sfmnpv 85500 86000 2
sfmnpv 86000 86500 5
sfmnpv 86500 87000 4
sfmnpv 87000 87500 4
sfmnpv 87500 88000 5
sfmnpv 88000 88500 2
sfmnpv 88500 89000 4
sfmnpv 89000 89500 3
sfmnpv 89500 90000 7
sfmnpv 90000 90500 3
sfmnpv 90500 91000 3
sfmnpv 91000 91500 3
sfmnpv 91500 92000 9
sfmnpv 92000 92500 8
sfmnpv 92500 93000 4
sfmnpv 93000 93500 3
sfmnpv 93500 94000 5
sfmnpv 94000 94500 1
sfmnpv 94500 95000 1
sfmnpv 95000 95500 4
sfmnpv 95500 96000 8
sfmnpv 96000 96500 6
sfmnpv 96500 97000 3
sfmnpv 97000 97500 6
sfmnpv 97500 98000 6
sfmnpv 98000 98500 7
sfmnpv 98500 99000 0
sfmnpv 99000 99500 9
sfmnpv 99500 100000 3
sfmnpv 100000 100500 3
sfmnpv 100500 101000 9
sfmnpv 101000 101500 11
sfmnpv 101500 102000 7
sfmnpv 102000 102500 3
sfmnpv 102500 103000 5
sfmnpv 103000 103500 4
sfmnpv 103500 104000 5
sfmnpv 104000 104500 6
sfmnpv 104500 105000 2
sfmnpv 105000 105500 6
sfmnpv 105500 106000 4
sfmnpv 106000 106500 5
sfmnpv 106500 107000 3
sfmnpv 107000 107500 4
sfmnpv 107500 108000 3
sfmnpv 108000 108500 2
sfmnpv 108500 109000 7
sfmnpv 109000 109500 7
sfmnpv 109500 110000 2
sfmnpv 110000 110500 6
sfmnpv 110500 111000 6
sfmnpv 111000 111500 4
sfmnpv 111500 112000 3
sfmnpv 112000 112500 3
sfmnpv 112500 113000 5
sfmnpv 113000 113500 4
sfmnpv 113500 114000 6
sfmnpv 114000 114500 5
sfmnpv 114500 115000 6
sfmnpv 115000 115500 4
sfmnpv 115500 116000 8
sfmnpv 116000 116500 5
sfmnpv 116500 117000 5
sfmnpv 117000 117500 3
sfmnpv 117500 118000 5
sfmnpv 118000 118500 6
sfmnpv 118500 119000 3
sfmnpv 119000 119500 1
sfmnpv 119500 120000 6
sfmnpv 120000 120500 8
sfmnpv 120500 121000 1
sfmnpv 121000 121500 4
sfmnpv 121500 122000 4
sfmnpv 122000 122500 4
sfmnpv 122500 123000 1
sfmnpv 123000 123500 3
sfmnpv 123500 124000 3
sfmnpv 124000 124500 9
sfmnpv 124500 125000 2
sfmnpv 125000 125500 5
sfmnpv 125500 126000 6
sfmnpv 126000 126500 6
sfmnpv 126500 127000 2
sfmnpv 127000 127500 8
sfmnpv 127500 128000 2
sfmnpv 128000 128500 4
sfmnpv 128500 129000 4
sfmnpv 129000 129500 5
sfmnpv 129500 130000 3
sfmnpv 130000 130500 4
sfmnpv 130500 131000 7
sfmnpv 131000 131500 2
sfmnpv 131500 132000 4
sfmnpv 132000 132500 10
