sfmnpv 98 99 0.003845
sfmnpv 1309 1310 0.104958
sfmnpv 2212 2213 0.008445
sfmnpv 2227 2228 0.002946
sfmnpv 2582 2583 0.005703
sfmnpv 6203 6204 0.044011
sfmnpv 6973 6974 0.290255
sfmnpv 8851 8852 0.036323
sfmnpv 13204 13205 0.003525
sfmnpv 13900 13901 0.004451
sfmnpv 15363 15364 0.244515
sfmnpv 15686 15687 0.249964
sfmnpv 16349 16350 0.003017
sfmnpv 17212 17213 0.140640
sfmnpv 17719 17720 0.004156
sfmnpv 18891 18892 0.008375
sfmnpv 19117 19118 0.355982
sfmnpv 19140 19141 0.373421
sfmnpv 19481 19482 0.171192
sfmnpv 19773 19774 0.176121
sfmnpv 21173 21174 0.202913
sfmnpv 22470 22471 0.010547
sfmnpv 22479 22480 0.341368
sfmnpv 22482 22483 0.286866
sfmnpv 22494 22495 0.026888
sfmnpv 22499 22500 0.011600
sfmnpv 22499 22500 0.022402
sfmnpv 22973 22974 0.374311
sfmnpv 23285 23286 0.369534
sfmnpv 24210 24211 0.004293
sfmnpv 24987 24988 0.190517
sfmnpv 25283 25284 0.228609
sfmnpv 25424 25425 0.245490
sfmnpv 27046 27047 0.004780
sfmnpv 27878 27879 0.079134
sfmnpv 28031 28032 0.072049
sfmnpv 28652 28653 0.285023
sfmnpv 28887 28888 0.218363
sfmnpv 28907 28908 0.217009
sfmnpv 29384 29385 0.435971
sfmnpv 29507 29508 0.108959
sfmnpv 29514 29515 0.003512
sfmnpv 31534 31535 0.004094
sfmnpv 31537 31538 0.012725
sfmnpv 32173 32174 0.274191
sfmnpv 33482 33483 0.222621
sfmnpv 35467 35468 0.458858
sfmnpv 35808 35809 0.307102
sfmnpv 35870 35871 0.452648
sfmnpv 36348 36349 0.468617
sfmnpv 37383 37384 0.003435
sfmnpv 39411 39412 0.044461
sfmnpv 40586 40587 0.004846
sfmnpv 40717 40718 0.410701
sfmnpv 41878 41879 0.481501
sfmnpv 41953 41954 0.484333
sfmnpv 42575 42576 0.312864
sfmnpv 42956 42957 0.343451
sfmnpv 43743 43744 0.003393
sfmnpv 44297 44298 0.009024
sfmnpv 44314 44315 0.006613
sfmnpv 44318 44319 0.009930
sfmnpv 44737 44738 0.002090
sfmnpv 45769 45770 0.186036
sfmnpv 47026 47027 0.262701
sfmnpv 50940 50941 0.380236
sfmnpv 52575 52576 0.006263
sfmnpv 52584 52585 0.003547
sfmnpv 52607 52608 0.160785
sfmnpv 52635 52636 0.205463
sfmnpv 53503 53504 0.425296
sfmnpv 53967 53968 0.411667
sfmnpv 54187 54188 0.436461
sfmnpv 54379 54380 0.331238
sfmnpv 54448 54449 0.335925
sfmnpv 54636 54637 0.004107
sfmnpv 56464 56465 0.244473
sfmnpv 56668 56669 0.243668
sfmnpv 57435 57436 0.244505
sfmnpv 57490 57491 0.338716
sfmnpv 57694 57695 0.323614
sfmnpv 57906 57907 0.003507
sfmnpv 59452 59453 0.002690
sfmnpv 59514 59515 0.003750
sfmnpv 59556 59557 0.003516
sfmnpv 59563 59564 0.020429
sfmnpv 59926 59927 0.365208
sfmnpv 60411 60412 0.191402
sfmnpv 61669 61670 0.429832
sfmnpv 62429 62430 0.328580
sfmnpv 62439 62440 0.003489
sfmnpv 62646 62647 0.449252
sfmnpv 62687 62688 0.354685
sfmnpv 62706 62707 0.294694
sfmnpv 64985 64986 0.227744
sfmnpv 67066 67067 0.004185
sfmnpv 69520 69521 0.003539
sfmnpv 70177 70178 0.103005
sfmnpv 70634 70635 0.002343
sfmnpv 74109 74110 0.448188
sfmnpv 74792 74793 0.480537
sfmnpv 75084 75085 0.044948
sfmnpv 75104 75105 0.044129
sfmnpv 78192 78193 0.189776
sfmnpv 78198 78199 0.167190
sfmnpv 78201 78202 0.165931
sfmnpv 81076 81077 0.151441
sfmnpv 81119 81120 0.146783
sfmnpv 81182 81183 0.180825
sfmnpv 81363 81364 0.003263
sfmnpv 81874 81875 0.409756
sfmnpv 84464 84465 0.006381
sfmnpv 84712 84713 0.134896
sfmnpv 85510 85511 0.067385
sfmnpv 88368 88369 0.470330
sfmnpv 90428 90429 0.007464
sfmnpv 92940 92941 0.006598
sfmnpv 94202 94203 0.003034
sfmnpv 94852 94853 0.019024
sfmnpv 95008 95009 0.012475
sfmnpv 95892 95893 0.002922
sfmnpv 96100 96101 0.003887
sfmnpv 97606 97607 0.086599
sfmnpv 97775 97776 0.081789
sfmnpv 99184 99185 0.004739
sfmnpv 99793 99794 0.234547
sfmnpv 100711 100712 0.003806
sfmnpv 101999 102000 0.003054
sfmnpv 103741 103742 0.212845
sfmnpv 104595 104596 0.002881
sfmnpv 105780 105781 0.005338
sfmnpv 108403 108404 0.232266
sfmnpv 108417 108418 0.232145
sfmnpv 108511 108512 0.003707
sfmnpv 108529 108530 0.171742
sfmnpv 108532 108533 0.164589
sfmnpv 108916 108917 0.005129
sfmnpv 110410 110411 0.353628
sfmnpv 110611 110612 0.466832
sfmnpv 111269 111270 0.004488
sfmnpv 111270 111271 0.003493
sfmnpv 112094 112095 0.354077
sfmnpv 112291 112292 0.477326
sfmnpv 112717 112718 0.477472
sfmnpv 113991 113992 0.228095
sfmnpv 114517 114518 0.476104
sfmnpv 114787 114788 0.002089
sfmnpv 115000 115001 0.418181
sfmnpv 115069 115070 0.010412
sfmnpv 115387 115388 0.497475
sfmnpv 115682 115683 0.233209
sfmnpv 116644 116645 0.299534
sfmnpv 116647 116648 0.299090
sfmnpv 118337 118338 0.464437
sfmnpv 118348 118349 0.484682
sfmnpv 118366 118367 0.419500
sfmnpv 118369 118370 0.012227
sfmnpv 118433 118434 0.393074
sfmnpv 119531 119532 0.471685
sfmnpv 120689 120690 0.398583
sfmnpv 120856 120857 0.238451
sfmnpv 121313 121314 0.291815
sfmnpv 121796 121797 0.127512
sfmnpv 122216 122217 0.310041
sfmnpv 122222 122223 0.309932
sfmnpv 122279 122280 0.069615
sfmnpv 122981 122982 0.144336
sfmnpv 123219 123220 0.414429
sfmnpv 124995 124996 0.048989
sfmnpv 125352 125353 0.003589
sfmnpv 125397 125398 0.001727
sfmnpv 125728 125729 0.072168
sfmnpv 129295 129296 0.004963
sfmnpv 129296 129297 0.005914
sfmnpv 131949 131950 0.003654
sfmnpv 131964 131965 0.148816
sfmnpv 132089 132090 0.155009
sfmnpv 132169 132170 0.152427
