sfmnpv 1 741 0
sfmnpv 806 2194 2
sfmnpv 2193 3029 1
sfmnpv 3086 4501 4
sfmnpv 4557 4727 22
sfmnpv 4727 4900 0
sfmnpv 4837 5124 24
sfmnpv 5135 6589 3
sfmnpv 6773 7888 1
sfmnpv 8082 9173 3
sfmnpv 11019 11177 0
sfmnpv 11176 13284 0
sfmnpv 13403 13693 0
sfmnpv 13710 14423 0
sfmnpv 14471 14806 0
sfmnpv 14763 15404 1
sfmnpv 15450 16601 5
sfmnpv 16605 17324 2
sfmnpv 17315 17734 0
sfmnpv 17715 18734 0
sfmnpv 18852 19907 9
sfmnpv 19937 21631 3
sfmnpv 21888 22553 3
sfmnpv 22664 23446 13
sfmnpv 23443 23946 1
sfmnpv 24042 25619 10
sfmnpv 25806 26330 0
sfmnpv 26337 26984 2
sfmnpv 27004 29643 50
sfmnpv 29754 30308 0
sfmnpv 30387 30914 0
sfmnpv 30946 31464 0
sfmnpv 31427 32323 2
sfmnpv 32220 33416 0
sfmnpv 33434 35023 1
sfmnpv 35031 35288 0
sfmnpv 35285 36427 3
sfmnpv 36670 37386 1
sfmnpv 37428 38645 3
sfmnpv 39182 39520 0
sfmnpv 39519 40673 1
sfmnpv 40688 41059 1
sfmnpv 41123 42310 6
sfmnpv 42518 43309 3
sfmnpv 43324 44322 1
sfmnpv 44410 44718 0
sfmnpv 44648 44956 0
sfmnpv 45017 45478 1
sfmnpv 45547 46176 2
sfmnpv 46178 46609 2
sfmnpv 46591 48144 2
sfmnpv 48167 48820 0
sfmnpv 48857 49963 0
sfmnpv 50354 50788 0
sfmnpv 50854 51474 2
sfmnpv 51541 52374 2
sfmnpv 52434 54524 28
sfmnpv 54517 54861 5
sfmnpv 54890 55960 0
sfmnpv 55944 56123 0
sfmnpv 56120 57835 5
sfmnpv 57877 59007 0
sfmnpv 58982 59287 0
sfmnpv 59310 60461 7
sfmnpv 60532 60753 0
sfmnpv 60750 61580 0
sfmnpv 61479 62381 1
sfmnpv 62393 62848 6
sfmnpv 62845 63849 3
sfmnpv 63909 64337 1
sfmnpv 64401 64907 1
sfmnpv 64879 68565 0
sfmnpv 68643 69293 1
sfmnpv 69290 69769 0
sfmnpv 69771 70529 2
sfmnpv 70573 71952 3
sfmnpv 71951 72937 0
sfmnpv 73150 74526 8
sfmnpv 74610 77054 7
sfmnpv 77023 77613 0
sfmnpv 77420 78154 0
sfmnpv 78120 79118 3
sfmnpv 79143 79490 2
sfmnpv 79492 80595 0
sfmnpv 81036 81203 3
sfmnpv 81317 82075 3
sfmnpv 82123 82986 1
sfmnpv 82889 83689 0
sfmnpv 83682 84056 0
sfmnpv 84055 85221 2
sfmnpv 85283 87421 4
sfmnpv 87423 90542 5
sfmnpv 90578 90964 0
sfmnpv 90991 91248 0
sfmnpv 91341 91712 1
sfmnpv 91687 92187 1
sfmnpv 92240 93736 1
sfmnpv 93795 94382 1
sfmnpv 94573 96696 10
sfmnpv 96780 97052 1
sfmnpv 97069 97647 2
sfmnpv 97640 98125 2
sfmnpv 98360 98737 1
sfmnpv 98628 98972 0
sfmnpv 98935 99945 0
sfmnpv 99806 100033 0
sfmnpv 100017 100220 0
sfmnpv 100238 101137 1
sfmnpv 101142 101555 0
sfmnpv 101611 102150 2
sfmnpv 103053 103913 2
sfmnpv 103961 105154 3
sfmnpv 105175 107820 2
sfmnpv 107904 108083 1
sfmnpv 108086 110215 3
sfmnpv 110245 111444 2
sfmnpv 111527 112153 1
sfmnpv 112201 112752 2
sfmnpv 112821 113555 0
sfmnpv 113450 113851 0
sfmnpv 113823 114752 6
sfmnpv 114781 115119 14
sfmnpv 115177 115380 1
sfmnpv 115374 115616 1
sfmnpv 115659 116195 1
sfmnpv 116607 117008 3
sfmnpv 117102 118094 0
sfmnpv 118111 118578 3
sfmnpv 118611 118895 0
sfmnpv 118722 118898 0
sfmnpv 118969 119808 1
sfmnpv 119795 120112 0
sfmnpv 120189 121079 1
sfmnpv 121098 123038 5
sfmnpv 123091 123411 1
sfmnpv 123461 125509 3
sfmnpv 125539 126183 3
sfmnpv 126220 126498 0
sfmnpv 126502 127353 0
sfmnpv 127378 127623 0
sfmnpv 127629 129011 0
sfmnpv 129026 129736 1
sfmnpv 129823 132339 6
