sfmnpv 1382 1383 202
sfmnpv 6505 6506 36498
sfmnpv 9227 9228 28
sfmnpv 9480 9481 392
sfmnpv 9548 9549 324
sfmnpv 9801 9802 25
sfmnpv 12600 12601 316
sfmnpv 13071 13072 85
sfmnpv 13603 13604 54036
sfmnpv 15142 15143 19569
sfmnpv 18002 18003 21062
sfmnpv 21336 21337 4756
sfmnpv 21509 21510 250
sfmnpv 22054 22055 114
sfmnpv 23242 23243 21355
sfmnpv 24401 24402 1691
sfmnpv 27289 27290 52
sfmnpv 27307 27308 81232
sfmnpv 31161 31162 48
sfmnpv 33629 33630 466
sfmnpv 42349 42350 52
sfmnpv 43383 43384 364
sfmnpv 50110 50111 52662
sfmnpv 50120 50121 54
sfmnpv 53498 53499 529
sfmnpv 59012 59013 88
sfmnpv 66064 66065 565
sfmnpv 73111 73112 403
sfmnpv 73617 73618 798
sfmnpv 87015 87016 85
sfmnpv 91322 91323 103
sfmnpv 94554 94555 239
sfmnpv 97011 97012 419
sfmnpv 97427 97428 368
sfmnpv 97568 97569 17063
sfmnpv 115620 115621 29
sfmnpv 116241 116242 103
sfmnpv 116287 116288 125
sfmnpv 116306 116307 188
sfmnpv 116336 116337 166
sfmnpv 116402 116403 87
sfmnpv 116686 116687 80
sfmnpv 130980 130981 499
sfmnpv 1930 1931 27
sfmnpv 2566 2567 27
sfmnpv 9562 9563 309
sfmnpv 12609 12610 306
sfmnpv 21509 21510 249
sfmnpv 24773 24774 23
sfmnpv 24402 24403 1689
sfmnpv 21336 21337 4755
sfmnpv 33639 33640 455
sfmnpv 6506 6507 36496
sfmnpv 42361 42362 39
sfmnpv 39098 39099 11012
sfmnpv 50111 50112 62
sfmnpv 39176 39177 10934
sfmnpv 53513 53514 513
sfmnpv 13603 13604 54035
sfmnpv 69495 69496 30
sfmnpv 73122 73123 391
sfmnpv 84447 84448 40
sfmnpv 88203 88204 26
sfmnpv 94567 94568 225
sfmnpv 105780 105781 29
sfmnpv 112026 112027 498
sfmnpv 116262 116263 74
sfmnpv 116290 116291 121
sfmnpv 116291 116292 141
sfmnpv 116312 116313 181
sfmnpv 116686 116687 79
sfmnpv 119271 119272 28
sfmnpv 129294 129295 30
sfmnpv 131575 131576 29
